공덱
이름 0	1	2	3	4 
성급 19 	18	17	16	15

idx    4           3       2         1        0                   4       3             2       1     0         
공덱 : 유카리, 사렌, 카스미, 하츠네, 루나  |  방덱 : 시부린, 페코린느, 유카리, 이오, 마호

160, 6, 16 방덱 indx 0~4
160, 6, 16
160, 6, 16
160, 6, 16
160, 5, 16                     name 4
148, 5, 14
148, 5, 14
148, 5, 14
148, 5, 14
148, 5, 14
148, 5, 14
148, 5, 14
148, 5, 14
148, 5, 14
148, 5, 14
160, 4, 14 공덱 index 15 = name  0
160, 6, 15        indx   16   name 1
160, 5, 14                 17   name 2
160, 5, 16                 18   name 3
160, 6, 14                 19   name 4
148, 5, 14
148, 5, 14
148, 5, 14
148, 5, 14
148, 5, 14
148, 5, 14
148, 5, 14
148, 5, 14
148, 5, 14
148, 5, 14